65
Centrolene_heloderma          0.0000000 0.0266509 0.0585225 0.0508668 0.0624531 0.0646912 0.0967013 0.0907469 0.1042087 0.0768884 0.2228532 0.3568384 0.2762473 0.4355050 0.2835955 0.2426080 0.2516776 0.2541987 0.2887147 0.2573411 0.2961755 0.2682255 0.2580443 0.2531871 0.2803717 0.3240593 0.3108633 0.3687731 0.3327162 0.3016733 0.3131319 0.3876175 0.2506724 0.3095901 0.2178927 0.3260944 0.2650031 0.3463959 0.2297833 0.1705572 0.1819174 0.2050389 0.1789829 0.2334244 0.2131742 0.4950670 0.5126679 0.4324713 0.2979328 0.3954615 0.3391685 0.3386012 0.3100297 0.3803862 0.2445600 0.3784717 0.3428798 0.4537719 0.2702164 0.3975029 4.8292058 0.0270001 0.0301975 0.0427282 0.2748187 
Centrolene_lynchi             0.0266509 0.0000000 0.0721236 0.0607397 0.0669488 0.0751545 0.1098279 0.1062451 0.1148020 0.0939612 0.2302505 0.3631557 0.2904605 0.4323703 0.3052533 0.2563833 0.2563491 0.2753342 0.2752451 0.2720832 0.2960193 0.2673658 0.2544685 0.2492835 0.2822352 0.3391895 0.3268860 0.3848498 0.3447488 0.2914240 0.3009167 0.4176536 0.2285587 0.3156558 0.2250407 0.3459646 0.2872670 0.3452495 0.2315991 0.1604608 0.1883592 0.2160704 0.1899888 0.2348168 0.2274564 0.4962883 0.5280530 0.4339101 0.3076669 0.3998226 0.3564620 0.3424359 0.3360133 0.4089403 0.2507893 0.3876845 0.3585154 0.4627737 0.2813018 0.4219990 5.0010025 0.0396406 0.0350734 0.0470848 0.2821139 
Centrolene_peristicta         0.0585225 0.0721236 0.0000000 0.0606559 0.0767448 0.0751813 0.0983952 0.0963241 0.1008929 0.0792953 0.2052455 0.3445007 0.2808150 0.3971118 0.2880110 0.2293314 0.2582247 0.2468063 0.2714790 0.2804464 0.2830726 0.2528915 0.2711026 0.2753167 0.2542283 0.3181537 0.3231437 0.3600974 0.3177989 0.2610698 0.2914449 0.3719800 0.2415918 0.3151964 0.2010471 0.3510166 0.2811352 0.3519640 0.2428911 0.1599973 0.1669709 0.1944165 0.1971834 0.2386839 0.2000939 0.5148001 0.5107465 0.4088008 0.3278611 0.3790638 0.3384182 0.3526612 0.3436845 0.3938918 0.2328303 0.3675948 0.3578953 0.4403379 0.2732225 0.3670122 5.1519603 0.0664257 0.0699505 0.0461908 0.2732626 
Nymphargus_grandisonae        0.0508668 0.0607397 0.0606559 0.0000000 0.0531608 0.0479672 0.0967327 0.0844574 0.1138564 0.0741369 0.1808504 0.3315294 0.2600862 0.4063895 0.2680066 0.2379005 0.2358327 0.2300994 0.2872770 0.2554676 0.2655203 0.2528458 0.2452346 0.2651599 0.2523530 0.3281769 0.3274222 0.3631175 0.3261879 0.2920675 0.3000621 0.3686508 0.2126679 0.3182992 0.2152375 0.3580048 0.2948023 0.3675012 0.2265552 0.1510260 0.1742827 0.2082104 0.1860154 0.2053937 0.2161802 0.5012099 0.5147995 0.4323493 0.3129718 0.3729036 0.3476738 0.3530142 0.3380464 0.3835967 0.2164657 0.3642860 0.3536847 0.4346489 0.2880816 0.3880720 5.2463076 0.0559185 0.0581897 0.0461694 0.2755290 
Nymphargus_griffithsi         0.0624531 0.0669488 0.0767448 0.0531608 0.0000000 0.0353842 0.1133793 0.0934332 0.1165189 0.0931161 0.1974037 0.3488604 0.2979996 0.4325192 0.3050579 0.2555071 0.2603152 0.2544942 0.3049520 0.2842519 0.2953515 0.2329813 0.2605787 0.2755081 0.2610781 0.3372867 0.3344476 0.3589638 0.3226918 0.2740511 0.3286152 0.3584495 0.2405088 0.3458746 0.2055821 0.3436610 0.2789036 0.3680818 0.2466050 0.1670625 0.1870022 0.2090417 0.2364965 0.2334089 0.2148119 0.5151995 0.5455135 0.4657905 0.3170515 0.4125112 0.3451225 0.3977145 0.3464279 0.4050421 0.2260919 0.4133866 0.3663303 0.4675651 0.3009842 0.4092251 5.2608058 0.0697527 0.0739363 0.0395227 0.2889245 
Nymphargus_lasgralarias       0.0646912 0.0751545 0.0751813 0.0479672 0.0353842 0.0000000 0.1046844 0.0873693 0.1132108 0.0937278 0.1900158 0.3558527 0.2502758 0.4226241 0.2585533 0.2507151 0.2388633 0.2569146 0.2837960 0.2899510 0.2972122 0.2490574 0.2525019 0.2825524 0.2664412 0.3218879 0.2989438 0.3451392 0.3121121 0.2925312 0.3103308 0.4011955 0.2425875 0.3365476 0.2310684 0.3578562 0.2923910 0.3768758 0.2427380 0.1648788 0.1758679 0.2075480 0.1988388 0.2248385 0.2161814 0.4900075 0.5183750 0.4603517 0.3183381 0.3886265 0.3670228 0.3681453 0.3604601 0.3978034 0.2226146 0.3844986 0.3653440 0.4376595 0.3048588 0.3960042 5.5272152 0.0826969 0.0835542 0.0533786 0.2789300 
Centrolene_ilex               0.0967013 0.1098279 0.0983952 0.0967327 0.1133793 0.1046844 0.0000000 0.0508834 0.0847321 0.0865854 0.2118016 0.3819030 0.2503997 0.4514845 0.2472389 0.2318394 0.2376646 0.2431669 0.2899399 0.2579971 0.2777006 0.2669111 0.2302534 0.2492962 0.2357998 0.2837016 0.2686733 0.3269897 0.3144275 0.2568575 0.3225857 0.3147796 0.2323317 0.2838793 0.1984715 0.2914019 0.2748182 0.3352507 0.2294813 0.1837487 0.1632260 0.1933708 0.1637010 0.1938018 0.1993986 0.5282012 0.5422660 0.3607003 0.2742535 0.3787004 0.3273616 0.2980217 0.3221375 0.3651624 0.2093559 0.3412456 0.3208125 0.4050063 0.2288445 0.3125888 4.9895971 0.1021513 0.0927649 0.0728876 0.2819948 
Sachatamia_orejuela           0.0907469 0.1062451 0.0963241 0.0844574 0.0934332 0.0873693 0.0508834 0.0000000 0.0752982 0.0830028 0.2134403 0.3746896 0.3682998 0.3772091 0.3371844 0.3282818 0.3530101 0.3406774 0.2795363 0.3361855 0.2795824 0.2696437 0.2488186 0.2774258 0.3144796 0.3724992 0.3911751 0.3812733 0.3015768 0.2529728 0.3692160 0.3454165 0.2314214 0.2910715 0.2100807 0.3200861 0.2765955 0.3425747 0.2705399 0.1674922 0.2756995 0.2113860 0.3317740 0.2655378 0.2201757 0.5120435 0.6313514 0.3811903 0.2942948 0.4365813 0.4416341 0.4015823 0.4271893 0.4210071 0.2215042 0.4359309 0.4167927 0.4559227 0.3704574 0.3227542 5.4630673 0.1025385 0.0958766 0.0844364 0.3770298 
Hyalinobatrachium_pulveratum  0.1042087 0.1148020 0.1008929 0.1138564 0.1165189 0.1132108 0.0847321 0.0752982 0.0000000 0.1024215 0.2310891 0.4179749 0.2918593 0.4222610 0.2766965 0.2382545 0.2557548 0.2585439 0.3069074 0.2819263 0.2861806 0.2807172 0.2692862 0.2822037 0.2430430 0.2995348 0.3088376 0.3479557 0.3009905 0.2957762 0.3311333 0.3473204 0.2535397 0.3020888 0.2131280 0.3220906 0.2917095 0.3525592 0.2398971 0.1989249 0.1657162 0.2040094 0.2008191 0.2326979 0.2090152 0.4997876 0.5091609 0.4071674 0.3320921 0.4009635 0.3845779 0.3494487 0.3596652 0.4152834 0.2475691 0.3945772 0.3604431 0.4435312 0.2850370 0.3369427 6.2173121 0.1112086 0.1039735 0.0825238 0.2949936 
Cochranella_spinosa           0.0768884 0.0939612 0.0792953 0.0741369 0.0931161 0.0937278 0.0865854 0.0830028 0.1024215 0.0000000 0.2061499 0.3665067 0.2773408 0.3973846 0.2779940 0.2157336 0.2276300 0.2361478 0.2586794 0.2572981 0.2642098 0.2439521 0.2215871 0.2356201 0.2483012 0.2931293 0.2935504 0.3383897 0.3199144 0.2558982 0.2835024 0.3197671 0.2322777 0.2741662 0.1951563 0.3017299 0.2659140 0.3663514 0.2218116 0.1776946 0.1718817 0.1900907 0.1792685 0.2104157 0.1929726 0.5203582 0.5399240 0.4124509 0.2825722 0.3577211 0.3443334 0.3169170 0.3229767 0.3624842 0.2121566 0.3491261 0.3478542 0.4015467 0.2578359 0.3329498 5.0309032 0.0823268 0.0857465 0.0656370 0.2555721 
Incilius_coniferus            0.2228532 0.2302505 0.2052455 0.1808504 0.1974037 0.1900158 0.2118016 0.2134403 0.2310891 0.2061499 0.0000000 0.3454009 0.1931490 0.4082319 0.2093108 0.2411845 0.2274032 0.2453652 0.3131572 0.2514321 0.2935424 0.1767818 0.2344802 0.2656251 0.2943598 0.3536525 0.3046363 0.3943913 0.3412535 0.2901328 0.3002263 0.3790307 0.1232416 0.2993156 0.2027576 0.3286004 0.3298549 0.4057589 0.2650374 0.2164450 0.2113685 0.2110104 0.2498363 0.1129948 0.2173525 0.6227696 0.6520955 0.4942986 0.2828551 0.4074042 0.3896010 0.3290476 0.4019520 0.3897072 0.1253240 0.4110332 0.3592818 0.4176592 0.3066471 0.3768669 6.1396958 0.2343895 0.2242824 0.2118214 0.2873232 
Craugastor_longirostris       0.3568384 0.3631557 0.3445007 0.3315294 0.3488604 0.3558527 0.3819030 0.3746896 0.4179749 0.3665067 0.3454009 0.0000000 0.3367242 0.8285318 0.3452293 0.3551999 0.3934062 0.3901207 0.3895370 0.3887728 0.4254612 0.4295461 0.4038101 0.4099284 0.4646368 0.4970874 0.4707892 0.5965839 0.5116627 0.5038444 0.4661678 0.4530243 0.3660449 0.4657980 0.2815605 0.4910100 0.5468837 0.4661584 0.4227650 0.3577258 0.3957985 0.4468499 0.3259179 0.3923799 0.4547622 0.5004965 0.5338171 0.4731716 0.5507100 0.4724277 0.4256927 0.4844069 0.4352066 0.5273840 0.3503675 0.4512341 0.4343814 0.5097376 0.4353074 0.5074936 8.9999989 0.3593499 0.3608391 0.3811967 0.4315337 
Epipedobates_boulengeri       0.2762473 0.2904605 0.2808150 0.2600862 0.2979996 0.2502758 0.2503997 0.3682998 0.2918593 0.2773408 0.1931490 0.3367242 0.0000000 1.9833637 0.0293767 0.2673844 0.1837924 0.2676957 0.2448097 0.4470695 0.3896245 0.2676149 0.3692988 0.2759186 0.3152938 0.4394979 0.4003432 0.3810639 0.3772186 0.3320505 0.3990709 0.1238335 0.2794741 0.2421596 0.1026297 0.1144738 0.2216591 0.2902353 0.3333615 0.1920593 0.3470091 0.1982130 0.4009838 0.3658105 0.2105512 0.6518312 0.6745290 0.3946076 0.2246629 0.4665282 0.4516494 0.4144660 0.4977036 0.4878773 0.2258572 0.4884334 0.4518503 0.4501853 0.3949182 0.3230651 4.9786112 0.2847178 0.2750884 0.2748667 0.3991774 
Epipedobates_espinosai        0.4355050 0.4323703 0.3971118 0.4063895 0.4325192 0.4226241 0.4514845 0.3772091 0.4222610 0.3973846 0.4082319 0.8285318 1.9833637 0.0000000 0.8493257 0.2777269 0.2867533 0.2884808 0.4266965 0.4880721 0.5508843 0.6069744 0.5138239 0.5652599 0.4559605 0.4913558 0.4833610 0.5632490 0.6879177 0.5667452 0.4662240 0.6830335 0.4522178 0.7483819 2.5592041 0.8456522 0.5459804 0.5492245 0.4134264 0.4696169 0.4536980 0.5126278 0.8207337 0.3841452 0.5319604 0.7438186 0.9169392 2.5125305 0.6186816 0.5484210 0.5686151 0.5308065 0.5426340 0.5463140 0.4315429 0.5071277 0.5472968 0.5424926 0.4846531 0.5237980 8.9999985 0.4479836 0.4503346 3.6897043 0.3741577 
Epipedobates_machalilla       0.2835955 0.3052533 0.2880110 0.2680066 0.3050579 0.2585533 0.2472389 0.3371844 0.2766965 0.2779940 0.2093108 0.3452293 0.0293767 0.8493257 0.0000000 0.2669544 0.1779613 0.2411887 0.2403313 0.4329366 0.3693237 0.2695232 0.3451357 0.2609739 0.3316761 0.4151716 0.3781516 0.3900700 0.3659535 0.3217112 0.3893496 0.1602647 0.2725844 0.2356551 0.1264333 0.1345680 0.2308503 0.2736869 0.3178209 0.1999601 0.3490816 0.2115400 0.3933382 0.3435057 0.2234961 0.6360542 0.6572025 0.3631307 0.2202839 0.4230543 0.4373610 0.4213585 0.4709606 0.4549785 0.2253401 0.4684158 0.4345224 0.4293707 0.3567093 0.3191312 4.5009881 0.2918079 0.2824182 0.2648078 0.3597349 
Hyloxalus_awa                 0.2426080 0.2563833 0.2293314 0.2379005 0.2555071 0.2507151 0.2318394 0.3282818 0.2382545 0.2157336 0.2411845 0.3551999 0.2673844 0.2777269 0.2669544 0.0000000 0.1538003 0.1643763 0.2163735 0.4082419 0.3522967 0.3168772 0.3087734 0.3181977 0.3779233 0.4010904 0.4382568 0.4400399 0.3935256 0.3597469 0.4341805 0.4486429 0.2892894 0.3560818 0.3126301 0.4229646 0.3640937 0.4150485 0.3714181 0.2369144 0.3872985 0.2816525 0.4439613 0.3362933 0.2924473 0.6098754 0.7191791 0.4690869 0.2893537 0.4442818 0.4408656 0.4290301 0.4306398 0.4634078 0.2727876 0.4466419 0.4613809 0.4606108 0.3999145 0.3391594 5.2094049 0.2551514 0.2554139 0.2211587 0.3387828 
Hyloxalus_jacobuspetersi      0.2516776 0.2563491 0.2582247 0.2358327 0.2603152 0.2388633 0.2376646 0.3530101 0.2557548 0.2276300 0.2274032 0.3934062 0.1837924 0.2867533 0.1779613 0.1538003 0.0000000 0.1391875 0.1907268 0.3919151 0.3497161 0.3004792 0.3209899 0.3035519 0.3734399 0.4269031 0.4472486 0.4646163 0.3924451 0.3514547 0.4267211 0.4549198 0.2734409 0.3562272 0.2422669 0.4223824 0.3434481 0.4079527 0.3703980 0.2311089 0.4204861 0.2613932 0.4834086 0.3527496 0.2854092 0.6329810 0.7369171 0.4677110 0.3261840 0.4458340 0.4745377 0.4582327 0.4668713 0.4951712 0.2561398 0.4868413 0.4799271 0.4709856 0.3940148 0.3459964 5.1456299 0.2698518 0.2597429 0.2525242 0.3850680 
Hyloxalus_lehmanni            0.2541987 0.2753342 0.2468063 0.2300994 0.2544942 0.2569146 0.2431669 0.3406774 0.2585439 0.2361478 0.2453652 0.3901207 0.2676957 0.2884808 0.2411887 0.1643763 0.1391875 0.0000000 0.2186803 0.4144352 0.3722398 0.3254996 0.3430200 0.3312475 0.3841805 0.4402649 0.4482773 0.4664825 0.3750177 0.3290346 0.4385122 0.4787585 0.2721908 0.3657457 0.3070550 0.3881648 0.3316395 0.4230412 0.3778072 0.2208751 0.3969022 0.2664600 0.5030938 0.3818540 0.2799543 0.6190439 0.7377384 0.4964994 0.3647874 0.5002780 0.4966490 0.4688596 0.4733271 0.5005383 0.2631057 0.5161831 0.4963941 0.5210154 0.4457592 0.3930999 5.4878517 0.2682333 0.2645911 0.2071760 0.3309667 
Oophaga_sylvatica             0.2887147 0.2752451 0.2714790 0.2872770 0.3049520 0.2837960 0.2899399 0.2795363 0.3069074 0.2586794 0.3131572 0.3895370 0.2448097 0.4266965 0.2403313 0.2163735 0.1907268 0.2186803 0.0000000 0.3334486 0.3702219 0.3367827 0.3600094 0.3373691 0.3335621 0.3793135 0.4276058 0.4639216 0.4536092 0.3863271 0.4062677 0.5612269 0.3064924 0.4104034 0.2378706 0.4561872 0.4476044 0.4574406 0.3222480 0.2605377 0.3169774 0.3236037 0.3224588 0.2944691 0.3366506 0.5704816 0.6094896 0.4613885 0.3809199 0.4401952 0.4395771 0.3938521 0.4306709 0.4435246 0.2849642 0.4516096 0.4295303 0.4494036 0.3610277 0.3812424 6.0832133 0.2932823 0.2913181 0.2368221 0.3032969 
Gastrotheca_cornuta           0.2573411 0.2720832 0.2804464 0.2554676 0.2842519 0.2899510 0.2579971 0.3361855 0.2819263 0.2572981 0.2514321 0.3887728 0.4470695 0.4880721 0.4329366 0.4082419 0.3919151 0.4144352 0.3334486 0.0000000 0.1927789 0.3407933 0.1596899 0.2159569 0.4234633 0.4173376 0.4572765 0.4531292 0.3709756 0.3739714 0.3846402 0.4032093 0.2700738 0.3438315 0.1945033 0.3753928 0.3458735 0.3543123 0.3778824 0.2671874 0.4252556 0.3084887 0.5242755 0.3469245 0.3113130 0.6064869 0.7240043 0.4061341 0.2380105 0.5001206 0.4442748 0.4289202 0.4409037 0.4733044 0.2557354 0.4281368 0.4262564 0.4643393 0.4022760 0.3169898 5.3261769 0.2720625 0.2571542 0.2504513 0.4599953 
Gastrotheca_guentheri         0.2961755 0.2960193 0.2830726 0.2655203 0.2953515 0.2972122 0.2777006 0.2795824 0.2861806 0.2642098 0.2935424 0.4254612 0.3896245 0.5508843 0.3693237 0.3522967 0.3497161 0.3722398 0.3702219 0.1927789 0.0000000 0.3531391 0.2169499 0.2546402 0.3663463 0.3619052 0.3859100 0.4576139 0.4045937 0.3626165 0.3453026 0.4528142 0.2896330 0.3926221 0.2974794 0.4189830 0.3755704 0.4416371 0.3186746 0.3013955 0.3183112 0.3547114 0.3137761 0.2945573 0.3617843 0.5653824 0.6154051 0.4456608 0.2977547 0.4664507 0.4169565 0.3768397 0.4000495 0.4533623 0.2942934 0.3791562 0.3854385 0.4542571 0.3421169 0.3867684 7.0682568 0.3112011 0.2926147 0.2223943 0.3818774 
Osornophryne_occidentalis     0.2682255 0.2673658 0.2528915 0.2528458 0.2329813 0.2490574 0.2669111 0.2696437 0.2807172 0.2439521 0.1767818 0.4295461 0.2676149 0.6069744 0.2695232 0.3168772 0.3004792 0.3254996 0.3367827 0.3407933 0.3531391 0.0000000 0.3388112 0.3395511 0.3498893 0.4315079 0.4132196 0.4583556 0.4237737 0.3842257 0.3472571 0.4495244 0.1824250 0.3878954 0.2734942 0.4680044 0.4487157 0.4369072 0.3490845 0.2841976 0.2579497 0.3445572 0.2880364 0.2007839 0.3522540 0.5816176 0.5872083 0.4306681 0.3605949 0.4601387 0.4207597 0.3654481 0.3906099 0.4238760 0.1911349 0.4197495 0.3958002 0.4043719 0.3431165 0.3696863 6.4576532 0.2785783 0.2735983 0.2208945 0.3561963 
Gastrotheca_plumbea           0.2580443 0.2544685 0.2711026 0.2452346 0.2605787 0.2525019 0.2302534 0.2488186 0.2692862 0.2215871 0.2344802 0.4038101 0.3692988 0.5138239 0.3451357 0.3087734 0.3209899 0.3430200 0.3600094 0.1596899 0.2169499 0.3388112 0.0000000 0.1143938 0.3459482 0.3288404 0.3155784 0.4089351 0.3557571 0.3489558 0.3165340 0.3869655 0.2568364 0.3277763 0.1743301 0.3363566 0.3281546 0.4248151 0.3108487 0.2772205 0.2585279 0.2910047 0.2989470 0.2581376 0.3041784 0.5891616 0.6590616 0.5145539 0.2842714 0.4165644 0.3733756 0.3396255 0.3687762 0.3980386 0.2539936 0.3715007 0.3686145 0.4304434 0.3043600 0.3712528 5.8966376 0.2598883 0.2460240 0.2065729 0.3502724 
Gastrotheca_riobambae         0.2531871 0.2492835 0.2753167 0.2651599 0.2755081 0.2825524 0.2492962 0.2774258 0.2822037 0.2356201 0.2656251 0.4099284 0.2759186 0.5652599 0.2609739 0.3181977 0.3035519 0.3312475 0.3373691 0.2159569 0.2546402 0.3395511 0.1143938 0.0000000 0.3718637 0.3947788 0.3752285 0.4524455 0.4000496 0.3574824 0.3385240 0.4164192 0.2731266 0.3619100 0.2202792 0.3531508 0.3763707 0.4146197 0.3465688 0.2736110 0.2808062 0.2872131 0.2807354 0.2549165 0.3044006 0.6065462 0.6461973 0.4560237 0.3017789 0.4075974 0.3829335 0.3238091 0.3604137 0.4337953 0.2588019 0.3833898 0.3296294 0.3732576 0.3220621 0.3267745 5.8068297 0.2614696 0.2520581 0.2268223 0.3516123 
Agalychnis_spurrelli          0.2803717 0.2822352 0.2542283 0.2523530 0.2610781 0.2664412 0.2357998 0.3144796 0.2430430 0.2483012 0.2943598 0.4646368 0.3152938 0.4559605 0.3316761 0.3779233 0.3734399 0.3841805 0.3335621 0.4234633 0.3663463 0.3498893 0.3459482 0.3718637 0.0000000 0.4232612 0.4433990 0.4454183 0.3677714 0.3547514 0.3983131 0.4257103 0.3503505 0.3196438 0.1776504 0.4102442 0.3968856 0.3763120 0.3401412 0.2342715 0.3668425 0.3006707 0.4583399 0.3749439 0.3057988 0.5777172 0.6639118 0.4183002 0.3527017 0.4791639 0.4973379 0.4919644 0.4822657 0.4834123 0.2721595 0.5124155 0.4926418 0.4858835 0.4285618 0.4074993 4.6103183 0.2949939 0.2754399 0.1934109 0.4642214 
Hypsiboas_boans               0.3240593 0.3391895 0.3181537 0.3281769 0.3372867 0.3218879 0.2837016 0.3724992 0.2995348 0.2931293 0.3536525 0.4970874 0.4394979 0.4913558 0.4151716 0.4010904 0.4269031 0.4402649 0.3793135 0.4173376 0.3619052 0.4315079 0.3288404 0.3947788 0.4232612 0.0000000 0.2149554 0.2505137 0.1563581 0.4205899 0.4058029 0.3287176 0.3823825 0.2462162 0.2197983 0.2592024 0.3260247 0.3752367 0.3392750 0.2807051 0.3704377 0.3326847 0.5454379 0.3789979 0.3523355 0.5880100 0.7085052 0.5157546 0.3865604 0.4533236 0.5345591 0.4963270 0.5004475 0.5322297 0.3589895 0.5161457 0.5515638 0.4648406 0.4898137 0.4638611 5.6562835 0.3173655 0.3143428 0.2636937 0.4452589 
Boana_pellucens               0.3108633 0.3268860 0.3231437 0.3274222 0.3344476 0.2989438 0.2686733 0.3911751 0.3088376 0.2935504 0.3046363 0.4707892 0.4003432 0.4833610 0.3781516 0.4382568 0.4472486 0.4482773 0.4276058 0.4572765 0.3859100 0.4132196 0.3155784 0.3752285 0.4433990 0.2149554 0.0000000 0.2546255 0.1635007 0.3780762 0.4144208 0.3211261 0.3784175 0.2393871 0.1975096 0.2514395 0.2813300 0.3571622 0.3497423 0.2942354 0.3907114 0.3157543 0.5240258 0.3953114 0.3212298 0.5672810 0.6780764 0.4712185 0.3513964 0.4925158 0.5305976 0.4868474 0.5163103 0.5706597 0.3541743 0.5039690 0.5106308 0.4834704 0.4814888 0.4583081 6.0772493 0.3259388 0.2974423 0.2803155 0.4962644 
Boana_picturata               0.3687731 0.3848498 0.3600974 0.3631175 0.3589638 0.3451392 0.3269897 0.3812733 0.3479557 0.3383897 0.3943913 0.5965839 0.3810639 0.5632490 0.3900700 0.4400399 0.4646163 0.4664825 0.4639216 0.4531292 0.4576139 0.4583556 0.4089351 0.4524455 0.4454183 0.2505137 0.2546255 0.0000000 0.1852882 0.4275402 0.4251597 0.3768599 0.4375727 0.2891958 0.2606619 0.3056959 0.3761405 0.4446044 0.3708999 0.3398659 0.4266361 0.3527496 0.5453424 0.3858754 0.3550833 0.6310671 0.7130332 0.5503507 0.4432278 0.4989546 0.5283410 0.5192413 0.5112989 0.5401034 0.3937085 0.5273423 0.5414250 0.5058056 0.4891140 0.4494201 6.7395948 0.3671810 0.3759908 0.2980757 0.5110000 
Boana_rosenbergi              0.3327162 0.3447488 0.3177989 0.3261879 0.3226918 0.3121121 0.3144275 0.3015768 0.3009905 0.3199144 0.3412535 0.5116627 0.3772186 0.6879177 0.3659535 0.3935256 0.3924451 0.3750177 0.4536092 0.3709756 0.4045937 0.4237737 0.3557571 0.4000496 0.3677714 0.1563581 0.1635007 0.1852882 0.0000000 0.3691566 0.3610567 0.3268302 0.3771160 0.2606525 0.2170196 0.2674620 0.3253259 0.4205229 0.3248805 0.2970111 0.3788873 0.3348835 0.3496315 0.3282982 0.3456319 0.6091814 0.6172483 0.5730662 0.4609286 0.4841412 0.4741118 0.5008404 0.5044999 0.5217849 0.3452970 0.5563048 0.4921264 0.4977647 0.4403068 0.5186485 8.0056184 0.3167532 0.3278154 0.2683187 0.4015985 
Dendropsophus_carnifex        0.3016733 0.2914240 0.2610698 0.2920675 0.2740511 0.2925312 0.2568575 0.2529728 0.2957762 0.2558982 0.2901328 0.5038444 0.3320505 0.5667452 0.3217112 0.3597469 0.3514547 0.3290346 0.3863271 0.3739714 0.3626165 0.3842257 0.3489558 0.3574824 0.3547514 0.4205899 0.3780762 0.4275402 0.3691566 0.0000000 0.2674499 0.4676684 0.3564600 0.3775493 0.2419866 0.4423678 0.3582208 0.4638976 0.3187784 0.2557694 0.3008583 0.2793044 0.2679565 0.3151702 0.2822769 0.5957949 0.6151642 0.5585139 0.3492332 0.4910229 0.4933639 0.4282415 0.4417899 0.4559517 0.3187353 0.4546251 0.4861112 0.5234298 0.4061420 0.4934110 5.9904683 0.3037856 0.2895495 0.1796457 0.3386758 
Dendropsophus_ebraccatus      0.3131319 0.3009167 0.2914449 0.3000621 0.3286152 0.3103308 0.3225857 0.3692160 0.3311333 0.2835024 0.3002263 0.4661678 0.3990709 0.4662240 0.3893496 0.4341805 0.4267211 0.4385122 0.4062677 0.3846402 0.3453026 0.3472571 0.3165340 0.3385240 0.3983131 0.4058029 0.4144208 0.4251597 0.3610567 0.2674499 0.0000000 0.3878233 0.2998296 0.3587389 0.2830781 0.3782648 0.3753614 0.3663258 0.3763287 0.2680709 0.4062682 0.3270356 0.5304393 0.3518020 0.3332484 0.6005878 0.6796212 0.6004206 0.3759261 0.5113218 0.4981643 0.4532834 0.4786654 0.4872089 0.3067405 0.4977252 0.5062872 0.5216259 0.4585139 0.4207915 5.5822750 0.3196323 0.3221049 0.2775024 0.4389474 
Hyloscirtus_alytolylax        0.3876175 0.4176536 0.3719800 0.3686508 0.3584495 0.4011955 0.3147796 0.3454165 0.3473204 0.3197671 0.3790307 0.4530243 0.1238335 0.6830335 0.1602647 0.4486429 0.4549198 0.4787585 0.5612269 0.4032093 0.4528142 0.4495244 0.3869655 0.4164192 0.4257103 0.3287176 0.3211261 0.3768599 0.3268302 0.4676684 0.3878233 0.0000000 0.3895097 0.2183334 0.0386733 0.2398909 0.4318523 0.4543977 0.3678978 0.3202485 0.2995158 0.4437374 0.2259804 0.3469639 0.4576123 0.5185572 0.5280195 0.2711659 0.5106196 0.5091491 0.4603866 0.5177203 0.4573784 0.5314271 0.3688993 0.5166960 0.4741455 0.6294320 0.4220828 0.4592778 8.9999986 0.3938096 0.3829853 0.1866832 0.5147998 
Rhaebo_haematiticus           0.2506724 0.2285587 0.2415918 0.2126679 0.2405088 0.2425875 0.2323317 0.2314214 0.2535397 0.2322777 0.1232416 0.3660449 0.2794741 0.4522178 0.2725844 0.2892894 0.2734409 0.2721908 0.3064924 0.2700738 0.2896330 0.1824250 0.2568364 0.2731266 0.3503505 0.3823825 0.3784175 0.4375727 0.3771160 0.3564600 0.2998296 0.3895097 0.0000000 0.3334610 0.1797373 0.2989281 0.3417190 0.3918629 0.3147473 0.2617667 0.2315514 0.2227438 0.3033673 0.0933706 0.2386496 0.6479339 0.6886560 0.4175768 0.2915620 0.3812199 0.3570650 0.3519573 0.3776268 0.3920870 0.1239287 0.4137488 0.4026375 0.3834620 0.2991323 0.3714483 6.6173965 0.2615225 0.2614870 0.2257650 0.3170411 
Hyloscirtus_criptico          0.3095901 0.3156558 0.3151964 0.3182992 0.3458746 0.3365476 0.2838793 0.2910715 0.3020888 0.2741662 0.2993156 0.4657980 0.2421596 0.7483819 0.2356551 0.3560818 0.3562272 0.3657457 0.4104034 0.3438315 0.3926221 0.3878954 0.3277763 0.3619100 0.3196438 0.2462162 0.2393871 0.2891958 0.2606525 0.3775493 0.3587389 0.2183334 0.3334610 0.0000000 0.1251394 0.1992504 0.3873753 0.3889820 0.3300657 0.2749144 0.2760969 0.2925704 0.2723034 0.2984301 0.3035666 0.6220673 0.6593721 0.4920242 0.3685764 0.4456048 0.4332949 0.4025596 0.4241263 0.4674466 0.3072233 0.4562352 0.4171300 0.4649627 0.3382116 0.4222477 5.3997198 0.3219426 0.3029242 0.2570483 0.4076780 
Hyloscirtus_mashpi            0.2178927 0.2250407 0.2010471 0.2152375 0.2055821 0.2310684 0.1984715 0.2100807 0.2131280 0.1951563 0.2027576 0.2815605 0.1026297 2.5592041 0.1264333 0.3126301 0.2422669 0.3070550 0.2378706 0.1945033 0.2974794 0.2734942 0.1743301 0.2202792 0.1776504 0.2197983 0.1975096 0.2606619 0.2170196 0.2419866 0.2830781 0.0386733 0.1797373 0.1251394 0.0000000 0.2143891 0.1791073 0.1952706 0.1875004 0.1665974 0.1633044 0.1840275 0.1887298 0.1424275 0.2215480 0.5069377 0.5069377 0.2710732 0.2787894 0.2917163 0.1959257 0.2015224 0.1760459 0.3110078 0.1833351 0.1478453 0.1352850 0.3490351 0.1655034 0.2097933 5.1951005 0.2308781 0.2136847 0.1244009 0.2910186 
Hyloscirtus_palmeri           0.3260944 0.3459646 0.3510166 0.3580048 0.3436610 0.3578562 0.2914019 0.3200861 0.3220906 0.3017299 0.3286004 0.4910100 0.1144738 0.8456522 0.1345680 0.4229646 0.4223824 0.3881648 0.4561872 0.3753928 0.4189830 0.4680044 0.3363566 0.3531508 0.4102442 0.2592024 0.2514395 0.3056959 0.2674620 0.4423678 0.3782648 0.2398909 0.2989281 0.1992504 0.2143891 0.0000000 0.3890768 0.3498126 0.3868857 0.3310628 0.3297981 0.3707914 0.2010805 0.2861191 0.3817867 0.4154188 0.4467292 0.2892793 0.4479048 0.4932543 0.3859418 0.4414553 0.3766011 0.4758874 0.3412884 0.4548303 0.4583527 0.4699838 0.3494498 0.4252829 7.4446550 0.3207930 0.3157301 0.1426109 0.4395811 
Scinax_quinquefasciatus       0.2650031 0.2872670 0.2811352 0.2948023 0.2789036 0.2923910 0.2748182 0.2765955 0.2917095 0.2659140 0.3298549 0.5468837 0.2216591 0.5459804 0.2308503 0.3640937 0.3434481 0.3316395 0.4476044 0.3458735 0.3755704 0.4487157 0.3281546 0.3763707 0.3968856 0.3260247 0.2813300 0.3761405 0.3253259 0.3582208 0.3753614 0.4318523 0.3417190 0.3873753 0.1791073 0.3890768 0.0000000 0.2144170 0.3088712 0.2640504 0.3062199 0.2792381 0.2080497 0.3382081 0.3077498 0.3401772 0.3488637 0.3698233 0.4293531 0.4506326 0.4415152 0.4172655 0.4114331 0.4536423 0.3196274 0.4730845 0.4308256 0.4943409 0.3773521 0.4048999 6.2541157 0.2554183 0.2563902 0.2031232 0.3533495 
Scinax_tsachila               0.3463959 0.3452495 0.3519640 0.3675012 0.3680818 0.3768758 0.3352507 0.3425747 0.3525592 0.3663514 0.4057589 0.4661584 0.2902353 0.5492245 0.2736869 0.4150485 0.4079527 0.4230412 0.4574406 0.3543123 0.4416371 0.4369072 0.4248151 0.4146197 0.3763120 0.3752367 0.3571622 0.4446044 0.4205229 0.4638976 0.3663258 0.4543977 0.3918629 0.3889820 0.1952706 0.3498126 0.2144170 0.0000000 0.3363580 0.3320732 0.3461390 0.3764779 0.3195965 0.3688959 0.3927843 0.4532578 0.6701244 0.4541460 0.4212479 0.4750120 0.5084041 0.4484026 0.4650235 0.4523718 0.4054411 0.4638749 0.4187717 0.4868589 0.4173758 0.4277890 5.4421395 0.3586504 0.3460979 0.2995572 0.4551645 
Smilisca_phaeota              0.2297833 0.2315991 0.2428911 0.2265552 0.2466050 0.2427380 0.2294813 0.2705399 0.2398971 0.2218116 0.2650374 0.4227650 0.3333615 0.4134264 0.3178209 0.3714181 0.3703980 0.3778072 0.3222480 0.3778824 0.3186746 0.3490845 0.3108487 0.3465688 0.3401412 0.3392750 0.3497423 0.3708999 0.3248805 0.3187784 0.3763287 0.3678978 0.3147473 0.3300657 0.1875004 0.3868857 0.3088712 0.3363580 0.0000000 0.2097421 0.3506965 0.2841792 0.3934777 0.3273942 0.2923265 0.5515419 0.6218308 0.3853106 0.3371059 0.4311648 0.4488139 0.4216184 0.4388322 0.4745597 0.2906571 0.4399764 0.4391365 0.4444020 0.3944383 0.3987056 4.9119232 0.2455595 0.2250224 0.1867055 0.4043521 
Trachycephalus_jordani        0.1705572 0.1604608 0.1599973 0.1510260 0.1670625 0.1648788 0.1837487 0.1674922 0.1989249 0.1776946 0.2164450 0.3577258 0.1920593 0.4696169 0.1999601 0.2369144 0.2311089 0.2208751 0.2605377 0.2671874 0.3013955 0.2841976 0.2772205 0.2736110 0.2342715 0.2807051 0.2942354 0.3398659 0.2970111 0.2557694 0.2680709 0.3202485 0.2617667 0.2749144 0.1665974 0.3310628 0.2640504 0.3320732 0.2097421 0.0000000 0.1866083 0.2148893 0.2153794 0.2469202 0.2211802 0.5438097 0.5766135 0.3806239 0.2993505 0.3732976 0.3681572 0.3162868 0.3673056 0.4108178 0.2415235 0.3600093 0.3604515 0.4669200 0.2943622 0.3504794 4.7751163 0.1827878 0.1884206 0.1499746 0.2797682 
Engystomops_coloradorum       0.1819174 0.1883592 0.1669709 0.1742827 0.1870022 0.1758679 0.1632260 0.2756995 0.1657162 0.1718817 0.2113685 0.3957985 0.3470091 0.4536980 0.3490816 0.3872985 0.4204861 0.3969022 0.3169774 0.4252556 0.3183112 0.2579497 0.2585279 0.2808062 0.3668425 0.3704377 0.3907114 0.4266361 0.3788873 0.3008583 0.4062682 0.2995158 0.2315514 0.2760969 0.1633044 0.3297981 0.3062199 0.3461390 0.3506965 0.1866083 0.0000000 0.2246146 0.4000294 0.3124670 0.2333271 0.6160487 0.7059818 0.4111481 0.3043821 0.4830183 0.4619879 0.4474473 0.4525548 0.4964449 0.2528197 0.4743910 0.4629803 0.4913280 0.4191675 0.3143581 4.3253361 0.2021496 0.1918127 0.1203583 0.4484077 
Leptodactylus_labrosus        0.2050389 0.2160704 0.1944165 0.2082104 0.2090417 0.2075480 0.1933708 0.2113860 0.2040094 0.1900907 0.2110104 0.4468499 0.1982130 0.5126278 0.2115400 0.2816525 0.2613932 0.2664600 0.3236037 0.3084887 0.3547114 0.3445572 0.2910047 0.2872131 0.3006707 0.3326847 0.3157543 0.3527496 0.3348835 0.2793044 0.3270356 0.4437374 0.2227438 0.2925704 0.1840275 0.3707914 0.2792381 0.3764779 0.2841792 0.2148893 0.2246146 0.0000000 0.1042845 0.2031206 0.0142519 0.4271684 0.4449972 0.3980437 0.3169970 0.3952669 0.3524547 0.3261959 0.3612733 0.3829506 0.2001318 0.3915043 0.3473927 0.4464608 0.2712862 0.3754588 6.8348510 0.2182987 0.2039950 0.1782983 0.3182925 
Leptodactylus_melanonotus     0.1789829 0.1899888 0.1971834 0.1860154 0.2364965 0.1988388 0.1637010 0.3317740 0.2008191 0.1792685 0.2498363 0.3259179 0.4009838 0.8207337 0.3933382 0.4439613 0.4834086 0.5030938 0.3224588 0.5242755 0.3137761 0.2880364 0.2989470 0.2807354 0.4583399 0.5454379 0.5240258 0.5453424 0.3496315 0.2679565 0.5304393 0.2259804 0.3033673 0.2723034 0.1887298 0.2010805 0.2080497 0.3195965 0.3934777 0.2153794 0.4000294 0.1042845 0.0000000 0.4628158 0.1104643 0.6538927 0.6527400 0.3956382 0.2464400 0.5716993 0.5253076 0.4988018 0.5744712 0.5741618 0.2567102 0.5126614 0.5797775 0.6344782 0.5033916 0.3283275 3.4557169 0.1911393 0.1849031 0.1776904 0.5177177 
Rhaebo_olallai                0.2334244 0.2348168 0.2386839 0.2053937 0.2334089 0.2248385 0.1938018 0.2655378 0.2326979 0.2104157 0.1129948 0.3923799 0.3658105 0.3841452 0.3435057 0.3362933 0.3527496 0.3818540 0.2944691 0.3469245 0.2945573 0.2007839 0.2581376 0.2549165 0.3749439 0.3789979 0.3953114 0.3858754 0.3282982 0.3151702 0.3518020 0.3469639 0.0933706 0.2984301 0.1424275 0.2861191 0.3382081 0.3688959 0.3273942 0.2469202 0.3124670 0.2031206 0.4628158 0.0000000 0.2228105 0.5736723 0.6847588 0.4193036 0.2900003 0.4140905 0.4170431 0.3911413 0.4168713 0.4195130 0.1173924 0.4524157 0.4105905 0.4054904 0.3711512 0.3388840 5.3792856 0.2441126 0.2340410 0.2133304 0.4055860 
Leptodactylus_ventrimaculatus 0.2131742 0.2274564 0.2000939 0.2161802 0.2148119 0.2161814 0.1993986 0.2201757 0.2090152 0.1929726 0.2173525 0.4547622 0.2105512 0.5319604 0.2234961 0.2924473 0.2854092 0.2799543 0.3366506 0.3113130 0.3617843 0.3522540 0.3041784 0.3044006 0.3057988 0.3523355 0.3212298 0.3550833 0.3456319 0.2822769 0.3332484 0.4576123 0.2386496 0.3035666 0.2215480 0.3817867 0.3077498 0.3927843 0.2923265 0.2211802 0.2333271 0.0142519 0.1104643 0.2228105 0.0000000 0.4325613 0.4505584 0.3933826 0.3229723 0.4142288 0.3794235 0.3363725 0.3818420 0.4167207 0.2160900 0.4002186 0.3704912 0.4636341 0.2885157 0.3915653 6.9561719 0.2279232 0.2123201 0.1770770 0.3316993 
Rana_bwana                    0.4950670 0.4962883 0.5148001 0.5012099 0.5151995 0.4900075 0.5282012 0.5120435 0.4997876 0.5203582 0.6227696 0.5004965 0.6518312 0.7438186 0.6360542 0.6098754 0.6329810 0.6190439 0.5704816 0.6064869 0.5653824 0.5816176 0.5891616 0.6065462 0.5777172 0.5880100 0.5672810 0.6310671 0.6091814 0.5957949 0.6005878 0.5185572 0.6479339 0.6220673 0.5069377 0.4154188 0.3401772 0.4532578 0.5515419 0.5438097 0.6160487 0.4271684 0.6538927 0.5736723 0.4325613 0.0000000 0.1042613 0.6209412 0.5485889 0.6525625 0.6822665 0.6516543 0.6917491 0.7112513 0.5940455 0.6496958 0.6430410 0.6545599 0.6354577 0.6119530 6.6183067 0.4900068 0.4829396 0.5114905 0.6550104 
Rana_vaillanti                0.5126679 0.5280530 0.5107465 0.5147995 0.5455135 0.5183750 0.5422660 0.6313514 0.5091609 0.5399240 0.6520955 0.5338171 0.6745290 0.9169392 0.6572025 0.7191791 0.7369171 0.7377384 0.6094896 0.7240043 0.6154051 0.5872083 0.6590616 0.6461973 0.6639118 0.7085052 0.6780764 0.7130332 0.6172483 0.6151642 0.6796212 0.5280195 0.6886560 0.6593721 0.5069377 0.4467292 0.3488637 0.6701244 0.6218308 0.5766135 0.7059818 0.4449972 0.6527400 0.6847588 0.4505584 0.1042613 0.0000000 0.6497871 0.5347267 0.7814284 0.8271332 0.8154646 0.8125727 0.8571090 0.6194621 0.7773914 0.7971254 0.7702503 0.7748154 0.6416225 6.2827221 0.5134731 0.5059445 0.5171935 0.7773608 
Barycholos_pulcher            0.4324713 0.4339101 0.4088008 0.4323493 0.4657905 0.4603517 0.3607003 0.3811903 0.4071674 0.4124509 0.4942986 0.4731716 0.3946076 2.5125305 0.3631307 0.4690869 0.4677110 0.4964994 0.4613885 0.4061341 0.4456608 0.4306681 0.5145539 0.4560237 0.4183002 0.5157546 0.4712185 0.5503507 0.5730662 0.5585139 0.6004206 0.2711659 0.4175768 0.4920242 0.2710732 0.2892793 0.3698233 0.4541460 0.3853106 0.3806239 0.4111481 0.3980437 0.3956382 0.4193036 0.3933826 0.6209412 0.6497871 0.0000000 0.3142034 0.4349736 0.3937745 0.4673460 0.4685081 0.4427623 0.4362688 0.4426189 0.4457853 0.5449877 0.3138943 0.4242649 5.3327680 0.4268961 0.4280145 0.4043793 0.4870705 
Pristimantis_achatinus        0.2979328 0.3076669 0.3278611 0.3129718 0.3170515 0.3183381 0.2742535 0.2942948 0.3320921 0.2825722 0.2828551 0.5507100 0.2246629 0.6186816 0.2202839 0.2893537 0.3261840 0.3647874 0.3809199 0.2380105 0.2977547 0.3605949 0.2842714 0.3017789 0.3527017 0.3865604 0.3513964 0.4432278 0.4609286 0.3492332 0.3759261 0.5106196 0.2915620 0.3685764 0.2787894 0.4479048 0.4293531 0.4212479 0.3371059 0.2993505 0.3043821 0.3169970 0.2464400 0.2900003 0.3229723 0.5485889 0.5347267 0.3142034 0.0000000 0.2997257 0.2186954 0.2275394 0.1954946 0.2798238 0.2852599 0.2497415 0.2500307 0.3066233 0.1750135 0.2713046 5.6569998 0.3263228 0.3000127 0.3083911 0.3349978 
Pristimantis_actites          0.3954615 0.3998226 0.3790638 0.3729036 0.4125112 0.3886265 0.3787004 0.4365813 0.4009635 0.3577211 0.4074042 0.4724277 0.4665282 0.5484210 0.4230543 0.4442818 0.4458340 0.5002780 0.4401952 0.5001206 0.4664507 0.4601387 0.4165644 0.4075974 0.4791639 0.4533236 0.4925158 0.4989546 0.4841412 0.4910229 0.5113218 0.5091491 0.3812199 0.4456048 0.2917163 0.4932543 0.4506326 0.4750120 0.4311648 0.3732976 0.4830183 0.3952669 0.5716993 0.4140905 0.4142288 0.6525625 0.7814284 0.4349736 0.2997257 0.0000000 0.3439626 0.2979360 0.3379618 0.3799770 0.3529624 0.3830373 0.3294787 0.2613391 0.3156564 0.3423192 5.3226971 0.4175871 0.4005186 0.3409422 0.4723242 
Pristimantis_appendiculatus   0.3391685 0.3564620 0.3384182 0.3476738 0.3451225 0.3670228 0.3273616 0.4416341 0.3845779 0.3443334 0.3896010 0.4256927 0.4516494 0.5686151 0.4373610 0.4408656 0.4745377 0.4966490 0.4395771 0.4442748 0.4169565 0.4207597 0.3733756 0.3829335 0.4973379 0.5345591 0.5305976 0.5283410 0.4741118 0.4933639 0.4981643 0.4603866 0.3570650 0.4332949 0.1959257 0.3859418 0.4415152 0.5084041 0.4488139 0.3681572 0.4619879 0.3524547 0.5253076 0.4170431 0.3794235 0.6822665 0.8271332 0.3937745 0.2186954 0.3439626 0.0000000 0.2264590 0.1822569 0.3368508 0.3424837 0.2418967 0.2359804 0.3657624 0.1652344 0.2615597 4.9962278 0.3656356 0.3564447 0.2925623 0.5198422 
Pristimantis_buckleyi         0.3386012 0.3424359 0.3526612 0.3530142 0.3977145 0.3681453 0.2980217 0.4015823 0.3494487 0.3169170 0.3290476 0.4844069 0.4144660 0.5308065 0.4213585 0.4290301 0.4582327 0.4688596 0.3938521 0.4289202 0.3768397 0.3654481 0.3396255 0.3238091 0.4919644 0.4963270 0.4868474 0.5192413 0.5008404 0.4282415 0.4532834 0.5177203 0.3519573 0.4025596 0.2015224 0.4414553 0.4172655 0.4484026 0.4216184 0.3162868 0.4474473 0.3261959 0.4988018 0.3911413 0.3363725 0.6516543 0.8154646 0.4673460 0.2275394 0.2979360 0.2264590 0.0000000 0.2401849 0.3102960 0.3243930 0.2782876 0.2388834 0.3237346 0.1987738 0.2737663 4.6680766 0.3545438 0.3325444 0.2445850 0.4828598 
Pristimantis_calcarulatus     0.3100297 0.3360133 0.3436845 0.3380464 0.3464279 0.3604601 0.3221375 0.4271893 0.3596652 0.3229767 0.4019520 0.4352066 0.4977036 0.5426340 0.4709606 0.4306398 0.4668713 0.4733271 0.4306709 0.4409037 0.4000495 0.3906099 0.3687762 0.3604137 0.4822657 0.5004475 0.5163103 0.5112989 0.5044999 0.4417899 0.4786654 0.4573784 0.3776268 0.4241263 0.1760459 0.3766011 0.4114331 0.4650235 0.4388322 0.3673056 0.4525548 0.3612733 0.5744712 0.4168713 0.3818420 0.6917491 0.8125727 0.4685081 0.1954946 0.3379618 0.1822569 0.2401849 0.0000000 0.3252647 0.3693275 0.2694330 0.2610941 0.3899536 0.1607060 0.2966716 4.2353539 0.3401990 0.3304637 0.2812983 0.4988249 
Pristimantis_caprifer         0.3803862 0.4089403 0.3938918 0.3835967 0.4050421 0.3978034 0.3651624 0.4210071 0.4152834 0.3624842 0.3897072 0.5273840 0.4878773 0.5463140 0.4549785 0.4634078 0.4951712 0.5005383 0.4435246 0.4733044 0.4533623 0.4238760 0.3980386 0.4337953 0.4834123 0.5322297 0.5706597 0.5401034 0.5217849 0.4559517 0.4872089 0.5314271 0.3920870 0.4674466 0.3110078 0.4758874 0.4536423 0.4523718 0.4745597 0.4108178 0.4964449 0.3829506 0.5741618 0.4195130 0.4167207 0.7112513 0.8571090 0.4427623 0.2798238 0.3799770 0.3368508 0.3102960 0.3252647 0.0000000 0.3794805 0.3705368 0.3275329 0.3923792 0.2962027 0.3297528 4.4000561 0.3898517 0.3911362 0.3160805 0.5197385 
Rhinella_alata                0.2445600 0.2507893 0.2328303 0.2164657 0.2260919 0.2226146 0.2093559 0.2215042 0.2475691 0.2121566 0.1253240 0.3503675 0.2258572 0.4315429 0.2253401 0.2727876 0.2561398 0.2631057 0.2849642 0.2557354 0.2942934 0.1911349 0.2539936 0.2588019 0.2721595 0.3589895 0.3541743 0.3937085 0.3452970 0.3187353 0.3067405 0.3688993 0.1239287 0.3072233 0.1833351 0.3412884 0.3196274 0.4054411 0.2906571 0.2415235 0.2528197 0.2001318 0.2567102 0.1173924 0.2160900 0.5940455 0.6194621 0.4362688 0.2852599 0.3529624 0.3424837 0.3243930 0.3693275 0.3794805 0.0000000 0.3992218 0.3567781 0.3805766 0.2800801 0.3395874 5.5137005 0.2661044 0.2559041 0.2170124 0.2687216 
Pristimantis_chalceus         0.3784717 0.3876845 0.3675948 0.3642860 0.4133866 0.3844986 0.3412456 0.4359309 0.3945772 0.3491261 0.4110332 0.4512341 0.4884334 0.5071277 0.4684158 0.4466419 0.4868413 0.5161831 0.4516096 0.4281368 0.3791562 0.4197495 0.3715007 0.3833898 0.5124155 0.5161457 0.5039690 0.5273423 0.5563048 0.4546251 0.4977252 0.5166960 0.4137488 0.4562352 0.1478453 0.4548303 0.4730845 0.4638749 0.4399764 0.3600093 0.4743910 0.3915043 0.5126614 0.4524157 0.4002186 0.6496958 0.7773914 0.4426189 0.2497415 0.3830373 0.2418967 0.2782876 0.2694330 0.3705368 0.3992218 0.0000000 0.3068687 0.3725980 0.2479198 0.2012416 5.5056555 0.4049511 0.3767573 0.3062177 0.5110828 
Pristimantis_eriphus          0.3428798 0.3585154 0.3578953 0.3536847 0.3663303 0.3653440 0.3208125 0.4167927 0.3604431 0.3478542 0.3592818 0.4343814 0.4518503 0.5472968 0.4345224 0.4613809 0.4799271 0.4963941 0.4295303 0.4262564 0.3854385 0.3958002 0.3686145 0.3296294 0.4926418 0.5515638 0.5106308 0.5414250 0.4921264 0.4861112 0.5062872 0.4741455 0.4026375 0.4171300 0.1352850 0.4583527 0.4308256 0.4187717 0.4391365 0.3604515 0.4629803 0.3473927 0.5797775 0.4105905 0.3704912 0.6430410 0.7971254 0.4457853 0.2500307 0.3294787 0.2359804 0.2388834 0.2610941 0.3275329 0.3567781 0.3068687 0.0000000 0.3543356 0.2308196 0.3022467 4.8611274 0.3478583 0.3461739 0.2918578 0.5204657 
Pristimantis_labiosus         0.4537719 0.4627737 0.4403379 0.4346489 0.4675651 0.4376595 0.4050063 0.4559227 0.4435312 0.4015467 0.4176592 0.5097376 0.4501853 0.5424926 0.4293707 0.4606108 0.4709856 0.5210154 0.4494036 0.4643393 0.4542571 0.4043719 0.4304434 0.3732576 0.4858835 0.4648406 0.4834704 0.5058056 0.4977647 0.5234298 0.5216259 0.6294320 0.3834620 0.4649627 0.3490351 0.4699838 0.4943409 0.4868589 0.4444020 0.4669200 0.4913280 0.4464608 0.6344782 0.4054904 0.4636341 0.6545599 0.7702503 0.5449877 0.3066233 0.2613391 0.3657624 0.3237346 0.3899536 0.3923792 0.3805766 0.3725980 0.3543356 0.0000000 0.3323921 0.3441540 6.2465319 0.4813589 0.4645077 0.3752489 0.4857715 
